ROUGE-1     [0.29899515 0.45956422 0.35034621]
ROUGE-2     [0.09687216 0.17048441 0.11953364]
ROUGE-L     [0.14846047 0.28487064 0.18723447]
ROUGE-S     [0.08231509 0.21197747 0.10722051]
ROUGE-S4    [0.07987279 0.14385757 0.09897238]
ROUGE-S9    [0.08369519 0.15255511 0.10346402]
ROUGE-1-s   [0.31507448 0.4808193  0.36839749]
ROUGE-2-s   [0.10005821 0.17605623 0.12345409]
ROUGE-L-s   [0.15185962 0.2917967  0.19164273]
ROUGE-S-s   [0.08980701 0.22990832 0.11705246]
ROUGE-S4-s  [0.08402668 0.15143055 0.10415669]
ROUGE-S9-s  [0.08900519 0.1623493  0.11010123]
ROUGE-1-sw  [0.29016981 0.43076868 0.3329584 ]
ROUGE-2-sw  [0.09382474 0.16100397 0.11517241]
ROUGE-L-sw  [0.15853997 0.29051926 0.19651938]
ROUGE-S-sw  [0.07978308 0.19136192 0.09880496]
ROUGE-S4-sw [0.07862253 0.13797536 0.09650726]
ROUGE-S9-sw [0.084601   0.14853094 0.10071175]
--- 4327.038395404816 seconds ---