ROUGE-1     [0.36162183 0.3490416  0.33927474]
ROUGE-2     [0.10937949 0.12218076 0.11077048]
ROUGE-L     [0.20050919 0.2258432  0.20065648]
ROUGE-S     [0.11797699 0.13040488 0.10694426]
ROUGE-S4    [0.09325171 0.10464118 0.09386412]
ROUGE-S9    [0.1020165  0.11199181 0.10023937]
ROUGE-1-s   [0.38068374 0.36468466 0.35610516]
ROUGE-2-s   [0.11336691 0.12633031 0.11467899]
ROUGE-L-s   [0.20546995 0.23145269 0.20564534]
ROUGE-S-s   [0.12885449 0.14098302 0.11652369]
ROUGE-S4-s  [0.09872702 0.11039213 0.0991699 ]
ROUGE-S9-s  [0.1092086  0.11932154 0.10703023]
ROUGE-1-sw  [0.36358407 0.32355655 0.3257887 ]
ROUGE-2-sw  [0.10863662 0.11609499 0.10788397]
ROUGE-L-sw  [0.2222496  0.23775591 0.21787683]
ROUGE-S-sw  [0.1210616  0.1170856  0.10124155]
ROUGE-S4-sw [0.09913412 0.10390676 0.09588337]
ROUGE-S9-sw [0.11238691 0.11217363 0.10296332]
--- 2005.1685237884521 seconds ---