ROUGE-1     [0.22967521 0.34209092 0.26724117]
ROUGE-2     [0.0510184  0.0837328  0.06136551]
ROUGE-L     [0.13449301 0.21071287 0.15817383]
ROUGE-S     [0.05053107 0.11568566 0.06379533]
ROUGE-S4    [0.04705372 0.07703904 0.05642361]
ROUGE-S9    [0.05296526 0.08685817 0.06325207]
ROUGE-1-s   [0.24359075 0.36375471 0.28383799]
ROUGE-2-s   [0.0532099  0.08742164 0.06404346]
ROUGE-L-s   [0.13805062 0.21634022 0.16233007]
ROUGE-S-s   [0.05566908 0.12827952 0.07056307]
ROUGE-S4-s  [0.05019522 0.0824139  0.06026926]
ROUGE-S9-s  [0.05703627 0.0938591  0.06822071]
ROUGE-1-sw  [0.21436186 0.30571472 0.24383337]
ROUGE-2-sw  [0.04993128 0.0752977  0.05808848]
ROUGE-L-sw  [0.15138737 0.21110549 0.16980133]
ROUGE-S-sw  [0.04709909 0.09678252 0.05639006]
ROUGE-S4-sw [0.04770751 0.07120369 0.05494348]
ROUGE-S9-sw [0.05350261 0.08108718 0.06126641]
--- 690.38449883461 seconds ---