ROUGE-1     [0.24944377 0.42174348 0.30395746]
ROUGE-2     [0.06769451 0.13388914 0.08734877]
ROUGE-L     [0.13745137 0.26050014 0.17249967]
ROUGE-S     [0.05846068 0.18054865 0.08048324]
ROUGE-S4    [0.05838329 0.11614713 0.07519006]
ROUGE-S9    [0.06331005 0.12692229 0.08125906]
ROUGE-1-s   [0.26502407 0.44695455 0.32286277]
ROUGE-2-s   [0.07066914 0.13988802 0.09119943]
ROUGE-L-s   [0.14131272 0.26831094 0.17747645]
ROUGE-S-s   [0.06478696 0.20018492 0.08940906]
ROUGE-S4-s  [0.06248191 0.1245523  0.08051982]
ROUGE-S9-s  [0.06849852 0.13768799 0.08800151]
ROUGE-1-sw  [0.24175684 0.39784314 0.28995162]
ROUGE-2-sw  [0.06728114 0.12469055 0.08481355]
ROUGE-L-sw  [0.15075721 0.25792643 0.18174795]
ROUGE-S-sw  [0.057496   0.16612763 0.07636287]
ROUGE-S4-sw [0.0608634  0.11307113 0.07612898]
ROUGE-S9-sw [0.06610914 0.12639615 0.08237737]
--- 3526.367913246155 seconds ---