ROUGE-1     [0.24031268 0.4320621  0.30178251]
ROUGE-2     [0.06295818 0.13266061 0.08332786]
ROUGE-L     [0.1259312  0.27006084 0.16701006]
ROUGE-S     [0.05439971 0.18674608 0.07843095]
ROUGE-S4    [0.05538564 0.1183904  0.07353737]
ROUGE-S9    [0.06048226 0.13074172 0.08021977]
ROUGE-1-s   [0.2554252  0.45766435 0.32057161]
ROUGE-2-s   [0.06554844 0.13837176 0.08682581]
ROUGE-L-s   [0.12937482 0.27796275 0.17169559]
ROUGE-S-s   [0.06024565 0.20686314 0.0870575 ]
ROUGE-S4-s  [0.0590872  0.12670482 0.07854916]
ROUGE-S9-s  [0.06527301 0.14162508 0.0867109 ]
ROUGE-1-sw  [0.23480077 0.40632721 0.28947698]
ROUGE-2-sw  [0.06281672 0.12465    0.08149441]
ROUGE-L-sw  [0.13801834 0.27409242 0.17859138]
ROUGE-S-sw  [0.05425055 0.17167719 0.07563555]
ROUGE-S4-sw [0.05869534 0.11720966 0.07586726]
ROUGE-S9-sw [0.06361821 0.13123831 0.08245196]
--- 2185.9405229091644 seconds ---