ROUGE-1     [0.29392607 0.33739223 0.29811922]
ROUGE-2     [0.07894887 0.10433682 0.08482092]
ROUGE-L     [0.17717024 0.21859446 0.18377221]
ROUGE-S     [0.08273291 0.12087262 0.08170916]
ROUGE-S4    [0.06908073 0.09027585 0.07330444]
ROUGE-S9    [0.07747513 0.09840665 0.08017082]
ROUGE-1-s   [0.31137565 0.35703812 0.31590008]
ROUGE-2-s   [0.08251984 0.10904899 0.0886714 ]
ROUGE-L-s   [0.18252606 0.22533959 0.18939718]
ROUGE-S-s   [0.0912751  0.13353473 0.09046111]
ROUGE-S4-s  [0.07428328 0.09700435 0.07881096]
ROUGE-S9-s  [0.08415079 0.10684595 0.08707721]
ROUGE-1-sw  [0.29117703 0.32856776 0.29200865]
ROUGE-2-sw  [0.08188665 0.10395162 0.08650642]
ROUGE-L-sw  [0.19881893 0.23546353 0.2036526 ]
ROUGE-S-sw  [0.08580329 0.11871639 0.08161073]
ROUGE-S4-sw [0.0767917  0.09485942 0.0791403 ]
ROUGE-S9-sw [0.08769412 0.10514662 0.086877  ]
--- 1616.0603952407837 seconds ---