ROUGE-1     [0.29158002 0.30010045 0.28521874]
ROUGE-2     [0.06763005 0.08046787 0.07059619]
ROUGE-L     [0.17784556 0.19876982 0.17980832]
ROUGE-S     [0.0815803  0.0955282  0.07711845]
ROUGE-S4    [0.0657736  0.07595989 0.06738546]
ROUGE-S9    [0.07618575 0.08503502 0.0761229 ]
ROUGE-1-s   [0.30818541 0.31767411 0.30188575]
ROUGE-2-s   [0.070642   0.08409432 0.07375984]
ROUGE-L-s   [0.18244727 0.20419764 0.18458553]
ROUGE-S-s   [0.08939933 0.1051865  0.08486724]
ROUGE-S4-s  [0.07022314 0.0812292  0.07200182]
ROUGE-S9-s  [0.0820571  0.09177485 0.08208013]
ROUGE-1-sw  [0.27004813 0.26146378 0.25449538]
ROUGE-2-sw  [0.06394555 0.06811279 0.06323742]
ROUGE-L-sw  [0.19829073 0.19200697 0.18635583]
ROUGE-S-sw  [0.07473661 0.07670042 0.06479592]
ROUGE-S4-sw [0.06508784 0.06663193 0.06251308]
ROUGE-S9-sw [0.07557925 0.07463897 0.06978938]
--- 1496.2926182746887 seconds ---