ROUGE-1     [0.30007234 0.32626528 0.29936326]
ROUGE-2     [0.07558925 0.09464136 0.08004438]
ROUGE-L     [0.17652908 0.20976851 0.18210598]
ROUGE-S     [0.08422734 0.11205896 0.08237837]
ROUGE-S4    [0.06816774 0.08479606 0.07167642]
ROUGE-S9    [0.07761747 0.09403298 0.07981871]
ROUGE-1-s   [0.31761727 0.34430644 0.31661264]
ROUGE-2-s   [0.07915687 0.09895634 0.08375082]
ROUGE-L-s   [0.18195039 0.21621811 0.18768756]
ROUGE-S-s   [0.09298449 0.12340109 0.09102596]
ROUGE-S4-s  [0.07325372 0.09097218 0.07694321]
ROUGE-S9-s  [0.08428661 0.10195065 0.08657953]
ROUGE-1-sw  [0.31201145 0.30528124 0.2931244 ]
ROUGE-2-sw  [0.07860075 0.08999619 0.07970996]
ROUGE-L-sw  [0.20922288 0.22486369 0.20627996]
ROUGE-S-sw  [0.09551418 0.10366429 0.08268794]
ROUGE-S4-sw [0.08006707 0.08752438 0.07848179]
ROUGE-S9-sw [0.0939071  0.09757049 0.08751085]
--- 16641.2649037838 seconds ---