ROUGE-1     [0.30078165 0.32765706 0.29852447]
ROUGE-2     [0.07722374 0.09688034 0.08125015]
ROUGE-L     [0.17935349 0.21071098 0.18285424]
ROUGE-S     [0.08614549 0.11323109 0.08190201]
ROUGE-S4    [0.06958726 0.08585589 0.0720992 ]
ROUGE-S9    [0.07896822 0.0943815  0.07970273]
ROUGE-1-s   [0.31727778 0.34553003 0.3150739 ]
ROUGE-2-s   [0.08063385 0.10115915 0.08484573]
ROUGE-L-s   [0.18453937 0.21684477 0.1881401 ]
ROUGE-S-s   [0.09429089 0.1243881  0.09006125]
ROUGE-S4-s  [0.07449685 0.09190584 0.07719518]
ROUGE-S9-s  [0.0852826  0.10198576 0.08612501]
ROUGE-1-sw  [0.30568398 0.3077156  0.2899744 ]
ROUGE-2-sw  [0.0808469  0.09342716 0.08173007]
ROUGE-L-sw  [0.21031927 0.22702868 0.20650761]
ROUGE-S-sw  [0.09423746 0.10523137 0.08112213]
ROUGE-S4-sw [0.07996276 0.08815332 0.07796869]
ROUGE-S9-sw [0.09342436 0.09790066 0.08648222]
--- 1330.447031736374 seconds ---