ROUGE-1     [0.22221369 0.42872701 0.2875564 ]
ROUGE-2     [0.05645491 0.12710341 0.07671871]
ROUGE-L     [0.11669455 0.26969711 0.15943533]
ROUGE-S     [0.04708568 0.18325526 0.07110995]
ROUGE-S4    [0.05008315 0.11469145 0.06836258]
ROUGE-S9    [0.05456287 0.12679838 0.07455254]
ROUGE-1-s   [0.23589043 0.45388619 0.30509293]
ROUGE-2-s   [0.05874775 0.13249316 0.07988713]
ROUGE-L-s   [0.11976344 0.27721287 0.16372121]
ROUGE-S-s   [0.05206807 0.20258455 0.07874576]
ROUGE-S4-s  [0.0533829  0.12258285 0.0729392 ]
ROUGE-S9-s  [0.05880847 0.13712735 0.08046098]
ROUGE-1-sw  [0.21060136 0.39625753 0.26926171]
ROUGE-2-sw  [0.05590451 0.11827774 0.07443693]
ROUGE-L-sw  [0.12552101 0.26811362 0.16730656]
ROUGE-S-sw  [0.04461048 0.1631251  0.06582372]
ROUGE-S4-sw [0.05147535 0.1104332  0.06857525]
ROUGE-S9-sw [0.05498952 0.12293062 0.07383523]
--- 3180.567019701004 seconds ---