ROUGE-1     [0.29092649 0.29800688 0.2838106 ]
ROUGE-2     [0.06707579 0.07969615 0.06994278]
ROUGE-L     [0.17800518 0.1983488  0.17962084]
ROUGE-S     [0.08122833 0.09426431 0.07633739]
ROUGE-S4    [0.06526387 0.07509991 0.06672036]
ROUGE-S9    [0.07573504 0.08408862 0.07542938]
ROUGE-1-s   [0.30593039 0.31486984 0.299293  ]
ROUGE-2-s   [0.06987543 0.08311692 0.0729029 ]
ROUGE-L-s   [0.18212783 0.20320576 0.18389257]
ROUGE-S-s   [0.08824392 0.10336501 0.0834181 ]
ROUGE-S4-s  [0.06927404 0.0799115  0.0709042 ]
ROUGE-S9-s  [0.08102938 0.09028639 0.08084151]
ROUGE-1-sw  [0.26686129 0.2579643  0.25109533]
ROUGE-2-sw  [0.06299409 0.06687945 0.06216303]
ROUGE-L-sw  [0.19726084 0.18988853 0.18476367]
ROUGE-S-sw  [0.07326436 0.07478485 0.06315571]
ROUGE-S4-sw [0.063832   0.06507613 0.06112669]
ROUGE-S9-sw [0.07414935 0.07286227 0.06820838]
--- 1297.7414922714233 seconds ---